31478.345885508228,0.1758098560480903,-0.13735771352858706,16606.869413611876,-695.8866015312598,-16.743877008153188
31478.35877262891,0.17163837272630644,-0.13409859356801235,16687.864346517632,-3625.3322710798357,-16.785715422244223
31478.345154780916,0.17364279307338393,-0.13566461837470456,11977.162175165078,-3027.7962223615814,-16.72887146264982
31478.345665124772,0.17420256154372282,-0.13610195743476083,10346.259087225142,-5335.243104884419,-16.722933846152312
31478.364263608943,0.16920354498762435,-0.1321962976528539,12219.594806849962,-3510.6482915713104,-16.781174798073266
31478.40027511552,0.15660146213292592,-0.12235047145441058,15545.749738275883,-3190.3997871220995,-16.700162549479657
31478.35877262891,0.17163837272630644,-0.13409859356801235,16687.864346517632,-3625.3322710798357,-16.785715422244223
31478.342349841507,0.17564910645103282,-0.13723212217888658,11620.456321374983,-5374.4517782833,-16.776468155879304
31478.345154780916,0.17364279307338393,-0.13566461837470456,11977.162175165078,-3027.7962223615814,-16.72887146264982
31478.345665124772,0.17420256154372282,-0.13610195743476083,10346.259087225142,-5335.243104884419,-16.722933846152312
